\section{Non-parametric tests}
\subsection{Wilcoxon signed-rank test (one sample)}
\noindent The table below contains \textbf{the end points of the rejection regions} for the Wilcoxon signed-rank test for inference about the median $\eta$ of a symmetric distribution. \\[5pt]
Denote by $w_-$ the rank sum of the observations less than $\eta_0$, and denote by $w_+$ the rank sum of the observations greater than $\eta_0$.
\[
\begin{array}{rclll}
	H_0:\eta\le \eta_0 & \text{vs.} & H_1:\eta>\eta_0
	& \text{(one-sided):} & \text{Reject $H_0$ if $w_-$ is not larger than the tabulated value.}\\
	H_0:\eta\ge \eta_0 & \text{vs.} & H_1:\eta<\eta_0
	& \text{(one-sided):} & \text{Reject $H_0$ if $w_+$ is not larger than the tabulated value.}\\
	H_0:\eta=\eta_0 & \text{vs.} & H_1:\eta\ne\eta_0
	& \text{(two-sided):} & \text{Reject $H_0$ if $\min\{w_+,w_-\}$ is not larger than the tabulated value.}
\end{array}
\]
``--" indicates that $H_0$ is never rejected for the chosen size $\alpha$ and sample size $n$.

~\\

\noindent
\begin{minipage}[t]{0.32\textwidth}
	\centering
	\begin{tabular}{rrrrr}
		& \multicolumn{4}{c}{size $\alpha$ (one-sided)} \\
		\cline{2-5}
		& 5\% & 2.5\% & 1\% & 0.5\% \\
		& \multicolumn{4}{c}{size $\alpha$ (two-sided)} \\
		\cline{2-5}
		$n$ & 10\% & 5\% & 2\% & 1\% \\
		\midrule
		1 & -- & -- & -- & -- \\
		2 & -- & -- & -- & -- \\
		3 & -- & -- & -- & -- \\
		4 & -- & -- & -- & -- \\
		5 & 0 & -- & -- & -- \\
		6 & 2 & 0 & -- & -- \\
		7 & 3 & 2 & 0 & -- \\
		8 & 5 & 3 & 1 & 0 \\
		9 & 8 & 5 & 3 & 1 \\
		10 & 10 & 8 & 5 & 3 \\[5pt]
		11 & 13 & 10 & 7 & 5 \\
		12 & 17 & 13 & 9 & 7 \\
		13 & 21 & 17 & 12 & 9 \\
		14 & 25 & 21 & 15 & 12 \\
		15 & 30 & 25 & 19 & 15 \\
		16 & 35 & 29 & 23 & 19 \\
		17 & 41 & 34 & 27 & 23 \\
		18 & 47 & 40 & 32 & 27 \\
		19 & 53 & 46 & 37 & 32 \\
		20 & 60 & 52 & 43 & 37 \\[5pt]
		21 & 67 & 58 & 49 & 42 \\
		22 & 75 & 65 & 55 & 48 \\
		23 & 83 & 73 & 62 & 54 \\
		24 & 91 & 81 & 69 & 61 \\
		25 & 100 & 89 & 76 & 68 \\
		26 & 110 & 98 & 84 & 75 \\
		27 & 119 & 107 & 92 & 83 \\
		28 & 130 & 116 & 101 & 91 \\
		29 & 140 & 126 & 110 & 100 \\
		30 & 151 & 137 & 120 & 109 \\
		\midrule
	\end{tabular}
\end{minipage}\hfill
\begin{minipage}[t]{0.32\textwidth}
	\centering
	\begin{tabular}{rrrrr}
		& \multicolumn{4}{c}{size $\alpha$ (one-sided)} \\
		\cline{2-5}
		& 5\% & 2.5\% & 1\% & 0.5\% \\
		& \multicolumn{4}{c}{size $\alpha$ (two-sided)} \\
		\cline{2-5}
		$n$ & 10\% & 5\% & 2\% & 1\% \\
		\midrule
		31 & 163 & 147 & 130 & 118 \\
		32 & 175 & 159 & 140 & 128 \\
		33 & 187 & 170 & 151 & 138 \\
		34 & 200 & 182 & 162 & 148 \\
		35 & 213 & 195 & 173 & 159 \\
		36 & 227 & 208 & 185 & 171 \\
		37 & 241 & 221 & 198 & 182 \\
		38 & 256 & 235 & 211 & 194 \\
		39 & 271 & 249 & 224 & 207 \\
		40 & 286 & 264 & 238 & 220 \\[5pt]
		41 & 302 & 279 & 252 & 233 \\
		42 & 319 & 294 & 266 & 247 \\
		43 & 336 & 310 & 281 & 261 \\
		44 & 353 & 327 & 296 & 276 \\
		45 & 371 & 343 & 312 & 291 \\
		46 & 389 & 361 & 328 & 307 \\
		47 & 407 & 378 & 345 & 322 \\
		48 & 426 & 396 & 362 & 339 \\
		49 & 446 & 415 & 379 & 355 \\
		50 & 466 & 434 & 397 & 373 \\[5pt]
		51 & 486 & 453 & 416 & 390 \\
		52 & 507 & 473 & 434 & 408 \\
		53 & 529 & 494 & 454 & 427 \\
		54 & 550 & 514 & 473 & 445 \\
		55 & 573 & 536 & 493 & 465 \\
		56 & 595 & 557 & 514 & 484 \\
		57 & 618 & 579 & 535 & 504 \\
		58 & 642 & 602 & 556 & 525 \\
		59 & 666 & 625 & 578 & 546 \\
		60 & 690 & 648 & 600 & 567 \\
		\midrule
	\end{tabular}
\end{minipage}
\hfill
\begin{minipage}[t]{0.32\textwidth}
	\centering
	\begin{tabular}{rrrrr}
		& \multicolumn{4}{c}{size $\alpha$ (one-sided)} \\
		\cline{2-5}
		& 5\% & 2.5\% & 1\% & 0.5\% \\
		& \multicolumn{4}{c}{size $\alpha$ (two-sided)} \\
		\cline{2-5}
		$n$ & 10\% & 5\% & 2\% & 1\% \\
		\midrule
		61 & 715 & 672 & 623 & 589 \\
		62 & 741 & 697 & 646 & 611 \\
		63 & 767 & 721 & 669 & 634 \\
		64 & 793 & 747 & 693 & 657 \\
		65 & 820 & 772 & 718 & 681 \\
		66 & 847 & 798 & 742 & 705 \\
		67 & 875 & 825 & 768 & 729 \\
		68 & 903 & 852 & 793 & 754 \\
		69 & 931 & 879 & 819 & 779 \\
		70 & 960 & 907 & 846 & 805 \\[5pt]
		71 & 990 & 936 & 873 & 831 \\
		72 & 1020 & 964 & 901 & 858 \\
		73 & 1050 & 994 & 928 & 884 \\
		74 & 1081 & 1023 & 957 & 912 \\
		75 & 1112 & 1053 & 986 & 940 \\
		76 & 1144 & 1084 & 1015 & 968 \\
		77 & 1176 & 1115 & 1044 & 997 \\
		78 & 1209 & 1147 & 1075 & 1026 \\
		79 & 1242 & 1179 & 1105 & 1056 \\
		80 & 1276 & 1211 & 1136 & 1086 \\[5pt]
		81 & 1310 & 1244 & 1168 & 1116 \\
		82 & 1345 & 1277 & 1200 & 1147 \\
		83 & 1380 & 1311 & 1232 & 1178 \\
		84 & 1415 & 1345 & 1265 & 1210 \\
		85 & 1451 & 1380 & 1298 & 1242 \\
		86 & 1487 & 1415 & 1332 & 1275 \\
		87 & 1524 & 1451 & 1366 & 1308 \\
		88 & 1561 & 1487 & 1400 & 1342 \\
		89 & 1599 & 1523 & 1435 & 1376 \\
		90 & 1638 & 1560 & 1471 & 1410 \\
		\midrule
	\end{tabular}
\end{minipage}

\newpage
\subsection{Mann--Whitney U/Wilcoxon rank sum test (two sample)}
\noindent The table below contains \textbf{the end points of the rejection regions} for the Mann--Whitney test for inference about the medians $\eta_1$ and $\eta_2$ of two translated symmetric distributions based on two samples of size $n_1$ and $n_2$, respectively.\\[5pt]
Denote by $r_1$ and $r_2$ the rank sums obtained for the observations from the first and the second sample. \\[5pt]
Define
\[
u_1=r_1-\frac{n_1(n_1+1)}{2},
\qquad
u_2=r_2-\frac{n_2(n_2+1)}{2}.
\]
\[
\begin{array}{rclll}
	H_0:\eta_1\le\eta_2 & \text{vs.} & H_1:\eta_1>\eta_2
	& \text{(one-sided):} & \text{Reject $H_0$ if $u_2$ is not larger than the tabulated value.}\\
	H_0:\eta_1\ge\eta_2 & \text{vs.} & H_1:\eta_1<\eta_2
	& \text{(one-sided):} & \text{Reject $H_0$ if $u_1$ is not larger than the tabulated value.}\\
	H_0:\eta_1=\eta_2 & \text{vs.} & H_1:\eta_1\ne\eta_2
	& \text{(two-sided):} & \text{Reject $H_0$ if $\min\{u_1,u_2\}$ is not larger than the tabulated value.}
\end{array}
\]
``--" indicates that $H_0$ is never rejected for the chosen size $\alpha$
and sample sizes $n_1$ and $n_2$.

~\\

\paragraph{Significance level ($\alpha$): 5\% one-sided, 10\% two-sided}
\begin{center}
	\renewcommand{\arraystretch}{1.03}
	\resizebox{\textwidth}{!}{%
		\begin{tabular}{c*{24}{r}}
			& \multicolumn{24}{c}{$n_2$} \\
			\cline{2-25}
			$n_1$ & 2 & 3 & 4 & 5 & 6 & 7 & 8 & 9 & 10 & 11 & 12 & 13 & 14 & 15 & 16 & 17 & 18 & 19 & 20 & 21 & 22 & 23 & 24 & 25 \\
			\midrule
			2 & -- & -- & -- & 0 & 0 & 0 & 1 & 1 & 1 & 1 & 2 & 2 & 3 & 3 & 3 & 3 & 4 & 4 & 4 & 5 & 5 & 5 & 6 & 6 \\
			3 & -- & 0 & 0 & 1 & 2 & 2 & 3 & 4 & 4 & 5 & 5 & 6 & 7 & 7 & 8 & 9 & 9 & 10 & 11 & 11 & 12 & 13 & 13 & 14 \\
			4 & -- & 0 & 1 & 2 & 3 & 4 & 5 & 6 & 7 & 8 & 9 & 10 & 11 & 12 & 14 & 15 & 16 & 17 & 18 & 19 & 20 & 21 & 22 & 23 \\
			5 & 0 & 1 & 2 & 4 & 5 & 6 & 8 & 9 & 11 & 12 & 13 & 15 & 16 & 18 & 19 & 20 & 22 & 23 & 25 & 26 & 28 & 29 & 30 & 32 \\
			6 & 0 & 2 & 3 & 5 & 7 & 8 & 10 & 12 & 14 & 16 & 17 & 19 & 21 & 23 & 25 & 26 & 28 & 30 & 32 & 34 & 36 & 37 & 39 & 41 \\
			7 & 0 & 2 & 4 & 6 & 8 & 11 & 13 & 15 & 17 & 19 & 21 & 24 & 26 & 28 & 30 & 33 & 35 & 37 & 39 & 41 & 44 & 46 & 48 & 50 \\
			8 & 1 & 3 & 5 & 8 & 10 & 13 & 15 & 18 & 20 & 23 & 26 & 28 & 31 & 33 & 36 & 39 & 41 & 44 & 47 & 49 & 52 & 54 & 57 & 60 \\
			9 & 1 & 4 & 6 & 9 & 12 & 15 & 18 & 21 & 24 & 27 & 30 & 33 & 36 & 39 & 42 & 45 & 48 & 51 & 54 & 57 & 60 & 63 & 66 & 69 \\
			10 & 1 & 4 & 7 & 11 & 14 & 17 & 20 & 24 & 27 & 31 & 34 & 37 & 41 & 44 & 48 & 51 & 55 & 58 & 62 & 65 & 68 & 72 & 75 & 79 \\[5pt]
			11 & 1 & 5 & 8 & 12 & 16 & 19 & 23 & 27 & 31 & 34 & 38 & 42 & 46 & 50 & 54 & 57 & 61 & 65 & 69 & 73 & 77 & 81 & 85 & 89 \\
			12 & 2 & 5 & 9 & 13 & 17 & 21 & 26 & 30 & 34 & 38 & 42 & 47 & 51 & 55 & 60 & 64 & 68 & 72 & 77 & 81 & 85 & 90 & 94 & 98 \\
			13 & 2 & 6 & 10 & 15 & 19 & 24 & 28 & 33 & 37 & 42 & 47 & 51 & 56 & 61 & 65 & 70 & 75 & 80 & 84 & 89 & 94 & 98 & 103 & 108 \\
			14 & 3 & 7 & 11 & 16 & 21 & 26 & 31 & 36 & 41 & 46 & 51 & 56 & 61 & 66 & 71 & 77 & 82 & 87 & 92 & 97 & 102 & 107 & 113 & 118 \\
			15 & 3 & 7 & 12 & 18 & 23 & 28 & 33 & 39 & 44 & 50 & 55 & 61 & 66 & 72 & 77 & 83 & 88 & 94 & 100 & 105 & 111 & 116 & 122 & 128 \\
			16 & 3 & 8 & 14 & 19 & 25 & 30 & 36 & 42 & 48 & 54 & 60 & 65 & 71 & 77 & 83 & 89 & 95 & 101 & 107 & 113 & 119 & 125 & 131 & 137 \\
			17 & 3 & 9 & 15 & 20 & 26 & 33 & 39 & 45 & 51 & 57 & 64 & 70 & 77 & 83 & 89 & 96 & 102 & 109 & 115 & 121 & 128 & 134 & 141 & 147 \\
			18 & 4 & 9 & 16 & 22 & 28 & 35 & 41 & 48 & 55 & 61 & 68 & 75 & 82 & 88 & 95 & 102 & 109 & 116 & 123 & 130 & 136 & 143 & 150 & 157 \\
			19 & 4 & 10 & 17 & 23 & 30 & 37 & 44 & 51 & 58 & 65 & 72 & 80 & 87 & 94 & 101 & 109 & 116 & 123 & 130 & 138 & 145 & 152 & 160 & 167 \\
			20 & 4 & 11 & 18 & 25 & 32 & 39 & 47 & 54 & 62 & 69 & 77 & 84 & 92 & 100 & 107 & 115 & 123 & 130 & 138 & 146 & 154 & 161 & 169 & 177 \\[5pt]
			21 & 5 & 11 & 19 & 26 & 34 & 41 & 49 & 57 & 65 & 73 & 81 & 89 & 97 & 105 & 113 & 121 & 130 & 138 & 146 & 154 & 162 & 170 & 179 & 187 \\
			22 & 5 & 12 & 20 & 28 & 36 & 44 & 52 & 60 & 68 & 77 & 85 & 94 & 102 & 111 & 119 & 128 & 136 & 145 & 154 & 162 & 171 & 179 & 188 & 197 \\
			23 & 5 & 13 & 21 & 29 & 37 & 46 & 54 & 63 & 72 & 81 & 90 & 98 & 107 & 116 & 125 & 134 & 143 & 152 & 161 & 170 & 179 & 189 & 198 & 207 \\
			24 & 6 & 13 & 22 & 30 & 39 & 48 & 57 & 66 & 75 & 85 & 94 & 103 & 113 & 122 & 131 & 141 & 150 & 160 & 169 & 179 & 188 & 198 & 207 & 217 \\
			25 & 6 & 14 & 23 & 32 & 41 & 50 & 60 & 69 & 79 & 89 & 98 & 108 & 118 & 128 & 137 & 147 & 157 & 167 & 177 & 187 & 197 & 207 & 217 & 227 \\
			\midrule
		\end{tabular}%
	}
\end{center}

\newpage
\paragraph{Significance level ($\alpha$): 2.5\% one-sided, 5\% two-sided}
\begin{center}
	\renewcommand{\arraystretch}{1.03}
	\resizebox{\textwidth}{!}{%
		\begin{tabular}{c*{24}{r}}
			& \multicolumn{24}{c}{$n_2$} \\
			\cline{2-25}
			$n_1$ & 2 & 3 & 4 & 5 & 6 & 7 & 8 & 9 & 10 & 11 & 12 & 13 & 14 & 15 & 16 & 17 & 18 & 19 & 20 & 21 & 22 & 23 & 24 & 25 \\
			\midrule
			2 & -- & -- & -- & -- & -- & -- & 0 & 0 & 0 & 0 & 1 & 1 & 1 & 1 & 1 & 2 & 2 & 2 & 2 & 3 & 3 & 3 & 3 & 3 \\
			3 & -- & -- & -- & 0 & 1 & 1 & 2 & 2 & 3 & 3 & 4 & 4 & 5 & 5 & 6 & 6 & 7 & 7 & 8 & 8 & 9 & 9 & 10 & 10 \\
			4 & -- & -- & 0 & 1 & 2 & 3 & 4 & 4 & 5 & 6 & 7 & 8 & 9 & 10 & 11 & 11 & 12 & 13 & 14 & 15 & 16 & 17 & 17 & 18 \\
			5 & -- & 0 & 1 & 2 & 3 & 5 & 6 & 7 & 8 & 9 & 11 & 12 & 13 & 14 & 15 & 17 & 18 & 19 & 20 & 22 & 23 & 24 & 25 & 27 \\
			6 & -- & 1 & 2 & 3 & 5 & 6 & 8 & 10 & 11 & 13 & 14 & 16 & 17 & 19 & 21 & 22 & 24 & 25 & 27 & 29 & 30 & 32 & 33 & 35 \\
			7 & -- & 1 & 3 & 5 & 6 & 8 & 10 & 12 & 14 & 16 & 18 & 20 & 22 & 24 & 26 & 28 & 30 & 32 & 34 & 36 & 38 & 40 & 42 & 44 \\
			8 & 0 & 2 & 4 & 6 & 8 & 10 & 13 & 15 & 17 & 19 & 22 & 24 & 26 & 29 & 31 & 34 & 36 & 38 & 41 & 43 & 45 & 48 & 50 & 53 \\
			9 & 0 & 2 & 4 & 7 & 10 & 12 & 15 & 17 & 20 & 23 & 26 & 28 & 31 & 34 & 37 & 39 & 42 & 45 & 48 & 50 & 53 & 56 & 59 & 62 \\[5pt]
			10 & 0 & 3 & 5 & 8 & 11 & 14 & 17 & 20 & 23 & 26 & 29 & 33 & 36 & 39 & 42 & 45 & 48 & 52 & 55 & 58 & 61 & 64 & 67 & 71 \\
			11 & 0 & 3 & 6 & 9 & 13 & 16 & 19 & 23 & 26 & 30 & 33 & 37 & 40 & 44 & 47 & 51 & 55 & 58 & 62 & 65 & 69 & 73 & 76 & 80 \\
			12 & 1 & 4 & 7 & 11 & 14 & 18 & 22 & 26 & 29 & 33 & 37 & 41 & 45 & 49 & 53 & 57 & 61 & 65 & 69 & 73 & 77 & 81 & 85 & 89 \\
			13 & 1 & 4 & 8 & 12 & 16 & 20 & 24 & 28 & 33 & 37 & 41 & 45 & 50 & 54 & 59 & 63 & 67 & 72 & 76 & 80 & 85 & 89 & 94 & 98 \\
			14 & 1 & 5 & 9 & 13 & 17 & 22 & 26 & 31 & 36 & 40 & 45 & 50 & 55 & 59 & 64 & 69 & 74 & 78 & 83 & 88 & 93 & 98 & 102 & 107 \\
			15 & 1 & 5 & 10 & 14 & 19 & 24 & 29 & 34 & 39 & 44 & 49 & 54 & 59 & 64 & 70 & 75 & 80 & 85 & 90 & 96 & 101 & 106 & 111 & 117 \\
			16 & 1 & 6 & 11 & 15 & 21 & 26 & 31 & 37 & 42 & 47 & 53 & 59 & 64 & 70 & 75 & 81 & 86 & 92 & 98 & 103 & 109 & 115 & 120 & 126 \\
			17 & 2 & 6 & 11 & 17 & 22 & 28 & 34 & 39 & 45 & 51 & 57 & 63 & 69 & 75 & 81 & 87 & 93 & 99 & 105 & 111 & 117 & 123 & 129 & 135 \\
			18 & 2 & 7 & 12 & 18 & 24 & 30 & 36 & 42 & 48 & 55 & 61 & 67 & 74 & 80 & 86 & 93 & 99 & 106 & 112 & 119 & 125 & 132 & 138 & 145 \\
			19 & 2 & 7 & 13 & 19 & 25 & 32 & 38 & 45 & 52 & 58 & 65 & 72 & 78 & 85 & 92 & 99 & 106 & 113 & 119 & 126 & 133 & 140 & 147 & 154 \\[5pt]
			20 & 2 & 8 & 14 & 20 & 27 & 34 & 41 & 48 & 55 & 62 & 69 & 76 & 83 & 90 & 98 & 105 & 112 & 119 & 127 & 134 & 141 & 149 & 156 & 163 \\
			21 & 3 & 8 & 15 & 22 & 29 & 36 & 43 & 50 & 58 & 65 & 73 & 80 & 88 & 96 & 103 & 111 & 119 & 126 & 134 & 142 & 150 & 157 & 165 & 173 \\
			22 & 3 & 9 & 16 & 23 & 30 & 38 & 45 & 53 & 61 & 69 & 77 & 85 & 93 & 101 & 109 & 117 & 125 & 133 & 141 & 150 & 158 & 166 & 174 & 182 \\
			23 & 3 & 9 & 17 & 24 & 32 & 40 & 48 & 56 & 64 & 73 & 81 & 89 & 98 & 106 & 115 & 123 & 132 & 140 & 149 & 157 & 166 & 175 & 183 & 192 \\
			24 & 3 & 10 & 17 & 25 & 33 & 42 & 50 & 59 & 67 & 76 & 85 & 94 & 102 & 111 & 120 & 129 & 138 & 147 & 156 & 165 & 174 & 183 & 192 & 201 \\
			25 & 3 & 10 & 18 & 27 & 35 & 44 & 53 & 62 & 71 & 80 & 89 & 98 & 107 & 117 & 126 & 135 & 145 & 154 & 163 & 173 & 182 & 192 & 201 & 211 \\
			\midrule
		\end{tabular}%
	}
\end{center}


\paragraph{Significance level ($\alpha$): 1\% one-sided, 2\% two-sided}
\begin{center}
	\renewcommand{\arraystretch}{1.03}
	\resizebox{\textwidth}{!}{%
		\begin{tabular}{c*{24}{r}}
			& \multicolumn{24}{c}{$n_2$} \\
			\cline{2-25}
			$n_1$ & 2 & 3 & 4 & 5 & 6 & 7 & 8 & 9 & 10 & 11 & 12 & 13 & 14 & 15 & 16 & 17 & 18 & 19 & 20 & 21 & 22 & 23 & 24 & 25 \\
			\midrule
			2 & -- & -- & -- & -- & -- & -- & -- & -- & -- & -- & -- & 0 & 0 & 0 & 0 & 0 & 0 & 1 & 1 & 1 & 1 & 1 & 1 & 1 \\
			3 & -- & -- & -- & -- & -- & 0 & 0 & 1 & 1 & 1 & 2 & 2 & 2 & 3 & 3 & 4 & 4 & 4 & 5 & 5 & 6 & 6 & 6 & 7 \\
			4 & -- & -- & -- & 0 & 1 & 1 & 2 & 3 & 3 & 4 & 5 & 5 & 6 & 7 & 7 & 8 & 9 & 9 & 10 & 11 & 11 & 12 & 13 & 13 \\
			5 & -- & -- & 0 & 1 & 2 & 3 & 4 & 5 & 6 & 7 & 8 & 9 & 10 & 11 & 12 & 13 & 14 & 15 & 16 & 17 & 18 & 19 & 20 & 21 \\
			6 & -- & -- & 1 & 2 & 3 & 4 & 6 & 7 & 8 & 9 & 11 & 12 & 13 & 15 & 16 & 18 & 19 & 20 & 22 & 23 & 24 & 26 & 27 & 29 \\
			7 & -- & 0 & 1 & 3 & 4 & 6 & 7 & 9 & 11 & 12 & 14 & 16 & 17 & 19 & 21 & 23 & 24 & 26 & 28 & 30 & 31 & 33 & 35 & 36 \\
			8 & -- & 0 & 2 & 4 & 6 & 7 & 9 & 11 & 13 & 15 & 17 & 20 & 22 & 24 & 26 & 28 & 30 & 32 & 34 & 36 & 38 & 40 & 42 & 45 \\
			9 & -- & 1 & 3 & 5 & 7 & 9 & 11 & 14 & 16 & 18 & 21 & 23 & 26 & 28 & 31 & 33 & 36 & 38 & 40 & 43 & 45 & 48 & 50 & 53 \\[5pt]
			10 & -- & 1 & 3 & 6 & 8 & 11 & 13 & 16 & 19 & 22 & 24 & 27 & 30 & 33 & 36 & 38 & 41 & 44 & 47 & 50 & 53 & 55 & 58 & 61 \\
			11 & -- & 1 & 4 & 7 & 9 & 12 & 15 & 18 & 22 & 25 & 28 & 31 & 34 & 37 & 41 & 44 & 47 & 50 & 53 & 57 & 60 & 63 & 66 & 70 \\
			12 & -- & 2 & 5 & 8 & 11 & 14 & 17 & 21 & 24 & 28 & 31 & 35 & 38 & 42 & 46 & 49 & 53 & 56 & 60 & 64 & 67 & 71 & 75 & 78 \\
			13 & 0 & 2 & 5 & 9 & 12 & 16 & 20 & 23 & 27 & 31 & 35 & 39 & 43 & 47 & 51 & 55 & 59 & 63 & 67 & 71 & 75 & 79 & 83 & 87 \\
			14 & 0 & 2 & 6 & 10 & 13 & 17 & 22 & 26 & 30 & 34 & 38 & 43 & 47 & 51 & 56 & 60 & 65 & 69 & 73 & 78 & 82 & 87 & 91 & 95 \\
			15 & 0 & 3 & 7 & 11 & 15 & 19 & 24 & 28 & 33 & 37 & 42 & 47 & 51 & 56 & 61 & 66 & 70 & 75 & 80 & 85 & 90 & 94 & 99 & 104 \\
			16 & 0 & 3 & 7 & 12 & 16 & 21 & 26 & 31 & 36 & 41 & 46 & 51 & 56 & 61 & 66 & 71 & 76 & 82 & 87 & 92 & 97 & 102 & 108 & 113 \\
			17 & 0 & 4 & 8 & 13 & 18 & 23 & 28 & 33 & 38 & 44 & 49 & 55 & 60 & 66 & 71 & 77 & 82 & 88 & 93 & 99 & 105 & 110 & 116 & 122 \\
			18 & 0 & 4 & 9 & 14 & 19 & 24 & 30 & 36 & 41 & 47 & 53 & 59 & 65 & 70 & 76 & 82 & 88 & 94 & 100 & 106 & 112 & 118 & 124 & 130 \\
			19 & 1 & 4 & 9 & 15 & 20 & 26 & 32 & 38 & 44 & 50 & 56 & 63 & 69 & 75 & 82 & 88 & 94 & 101 & 107 & 113 & 120 & 126 & 133 & 139 \\[5pt]
			20 & 1 & 5 & 10 & 16 & 22 & 28 & 34 & 40 & 47 & 53 & 60 & 67 & 73 & 80 & 87 & 93 & 100 & 107 & 114 & 121 & 127 & 134 & 141 & 148 \\
			21 & 1 & 5 & 11 & 17 & 23 & 30 & 36 & 43 & 50 & 57 & 64 & 71 & 78 & 85 & 92 & 99 & 106 & 113 & 121 & 128 & 135 & 142 & 150 & 157 \\
			22 & 1 & 6 & 11 & 18 & 24 & 31 & 38 & 45 & 53 & 60 & 67 & 75 & 82 & 90 & 97 & 105 & 112 & 120 & 127 & 135 & 143 & 150 & 158 & 166 \\
			23 & 1 & 6 & 12 & 19 & 26 & 33 & 40 & 48 & 55 & 63 & 71 & 79 & 87 & 94 & 102 & 110 & 118 & 126 & 134 & 142 & 150 & 158 & 167 & 175 \\
			24 & 1 & 6 & 13 & 20 & 27 & 35 & 42 & 50 & 58 & 66 & 75 & 83 & 91 & 99 & 108 & 116 & 124 & 133 & 141 & 150 & 158 & 167 & 175 & 184 \\
			25 & 1 & 7 & 13 & 21 & 29 & 36 & 45 & 53 & 61 & 70 & 78 & 87 & 95 & 104 & 113 & 122 & 130 & 139 & 148 & 157 & 166 & 175 & 184 & 192 \\
			\midrule
		\end{tabular}%
	}
\end{center}